# Captured water prediction for PLEASE->WATER diagnosis
# CNN_RAW_CLASS=water
# CNN_RAW_CONFIDENCE=0.5133
0.000000 0.000000 0.000000 0.000000 0.000000 0.000000 0.575821 0.457190 -0.001518 -0.006849 0.220172 -0.232308
0.000000 0.000000 0.000000 0.000000 0.000000 0.000000 0.566450 0.458411 -0.009371 0.001221 0.214277 -0.237179
0.000000 0.000000 0.000000 0.000000 0.000000 0.000000 0.565880 0.458713 -0.000570 0.000302 0.212245 -0.238013
0.000000 0.000000 0.000000 0.000000 0.000000 0.000000 0.567230 0.452518 0.001350 -0.006195 0.213691 -0.246640
0.000000 0.000000 0.000000 0.000000 0.000000 0.000000 0.570663 0.451199 0.003433 -0.001319 0.219317 -0.243891
0.000000 0.000000 0.000000 0.000000 0.000000 0.000000 0.564507 0.447419 -0.006156 -0.003780 0.212549 -0.253033
0.000000 0.000000 0.000000 0.000000 0.000000 0.000000 0.568383 0.450912 0.003876 0.003493 0.216422 -0.235122
0.000000 0.000000 0.000000 0.000000 0.000000 0.000000 0.567827 0.450882 -0.000555 -0.000030 0.217083 -0.235443
0.000000 0.000000 0.000000 0.000000 0.000000 0.000000 0.568783 0.450733 0.000956 -0.000148 0.217856 -0.240735
0.000000 0.000000 0.000000 0.000000 0.000000 0.000000 0.562671 0.451657 -0.006112 0.000924 0.211470 -0.250878
0.000000 0.000000 0.000000 0.000000 0.000000 0.000000 0.564174 0.427620 0.001503 -0.024037 0.223331 -0.291322
0.000000 0.000000 0.000000 0.000000 0.000000 0.000000 0.564594 0.411036 0.000420 -0.016584 0.222135 -0.288699
0.000000 0.000000 0.000000 0.000000 0.000000 0.000000 0.574646 0.399752 0.010052 -0.011284 0.231902 -0.309387
0.000000 0.000000 0.000000 0.000000 0.000000 0.000000 0.576486 0.398156 0.001841 -0.001596 0.233391 -0.317147
0.000000 0.000000 0.000000 0.000000 0.000000 0.000000 0.615231 0.419538 0.038744 0.021381 0.272642 -0.251910
0.000000 0.000000 0.000000 0.000000 0.000000 0.000000 0.614458 0.419470 -0.000773 -0.000068 0.270681 -0.249711
0.000000 0.000000 0.000000 0.000000 0.000000 0.000000 0.613501 0.423132 -0.000957 0.003662 0.266486 -0.241522
0.000000 0.000000 0.000000 0.000000 0.000000 0.000000 0.523219 0.571505 -0.090281 0.148372 0.164934 -0.123611
0.000000 0.000000 0.000000 0.000000 0.000000 0.000000 0.530261 0.586395 0.007042 0.014891 0.171244 -0.086778
0.000000 0.000000 0.000000 0.000000 0.000000 0.000000 0.526949 0.575920 -0.003312 -0.010475 0.167932 -0.097254
0.000000 0.000000 0.000000 0.000000 0.000000 0.000000 0.516228 0.589199 -0.010721 0.013279 0.162430 -0.093742
0.000000 0.000000 0.000000 0.000000 0.000000 0.000000 0.524180 0.589615 0.007951 0.000416 0.169853 -0.094568
0.000000 0.000000 0.000000 0.000000 0.000000 0.000000 0.539514 0.571693 0.015334 -0.017922 0.184337 -0.109876
0.000000 0.000000 0.000000 0.000000 0.000000 0.000000 0.547735 0.569555 0.008221 -0.002138 0.192535 -0.100638
0.000000 0.000000 0.000000 0.000000 0.000000 0.000000 0.564174 0.545451 0.016439 -0.024104 0.212675 -0.126688
