0.000000 0.000000 0.000000 0.000000 0.000000 0.000000 0.298673 0.319354 0.000000 0.000000 0.024237 -0.322453
0.000000 0.000000 0.000000 0.000000 0.000000 0.000000 0.293345 0.280532 -0.005328 -0.038822 0.018924 -0.361030
0.000000 0.000000 0.000000 0.000000 0.000000 0.000000 0.286677 0.224263 -0.006668 -0.056269 0.014554 -0.407271
0.000000 0.000000 0.000000 0.000000 0.000000 0.000000 0.337568 0.207232 0.050890 -0.017031 0.065756 -0.408712
0.000000 0.000000 0.000000 0.000000 0.000000 0.000000 0.316904 0.227582 -0.020663 0.020350 0.045504 -0.393279
0.000000 0.000000 0.000000 0.000000 0.000000 0.000000 0.317877 0.230504 0.000972 0.002922 0.047730 -0.394287
0.000000 0.000000 0.000000 0.000000 0.000000 0.000000 0.317465 0.229178 -0.000411 -0.001326 0.047515 -0.394134
0.000000 0.000000 0.000000 0.000000 0.000000 0.000000 0.315373 0.228055 -0.002092 -0.001123 0.050762 -0.398704
0.000000 0.000000 0.000000 0.000000 0.000000 0.000000 0.322565 0.228864 0.007192 0.000809 0.058099 -0.393219
0.000000 0.000000 0.000000 0.000000 0.000000 0.000000 0.333380 0.223743 0.010815 -0.005121 0.069490 -0.397069
0.000000 0.000000 0.000000 0.000000 0.000000 0.000000 0.336666 0.224032 0.003287 0.000289 0.072737 -0.394504
0.000000 0.000000 0.000000 0.000000 0.000000 0.000000 0.327679 0.226097 -0.008987 0.002065 0.066874 -0.386520
0.000000 0.000000 0.000000 0.000000 0.000000 0.000000 0.333543 0.240301 0.005864 0.014203 0.081231 -0.398499
0.000000 0.000000 0.000000 0.000000 0.000000 0.000000 0.337822 0.241467 0.004278 0.001166 0.093493 -0.409062
0.000000 0.000000 0.000000 0.000000 0.000000 0.000000 0.351211 0.264515 0.013389 0.023048 0.100707 -0.385259
0.000000 0.000000 0.000000 0.000000 0.000000 0.000000 0.314480 0.263873 -0.036731 -0.000641 0.070337 -0.379770
