0.585479 0.736038 -0.012172 0.051259 -0.018615 0.126365
0.529048 0.710580 -0.056431 -0.025458 -0.074272 0.103037
0.479682 0.711375 -0.049366 0.000795 -0.118451 0.102705
0.550875 0.700678 0.071193 -0.010698 -0.044150 0.093759
0.604571 0.645766 0.053696 -0.054911 0.008621 0.037855
0.623001 0.694915 0.018430 0.049148 0.024618 0.087849
0.639051 0.689780 0.016050 -0.005134 0.038782 0.084493
0.679952 0.705542 0.040901 0.015762 0.081720 0.100220
0.662626 0.718652 -0.017326 0.013110 0.062119 0.115034
0.647915 0.716414 -0.014710 -0.002239 0.047994 0.111748
0.630684 0.694165 -0.017231 -0.022249 0.030043 0.090870
0.581216 0.662156 -0.049469 -0.032009 -0.018756 0.056019
0.607555 0.591149 0.026339 -0.071007 0.015079 -0.023740
0.493146 0.747249 -0.114409 0.156100 -0.099332 0.131185
0.653383 0.638995 0.160236 -0.108254 0.057128 0.032620
0.595626 0.683221 -0.057757 0.044226 -0.000629 0.076846
0.535987 0.699795 -0.059639 0.016574 -0.059046 0.089991
0.491953 0.711504 -0.044034 0.011709 -0.101692 0.097687
0.542298 0.411057 0.000000 0.000000 -0.048583 -0.203379
0.538657 0.414361 -0.003641 0.003304 -0.055533 -0.195736
0.551185 0.410762 0.012528 -0.003598 -0.050678 -0.195463
0.650305 0.704290 0.000000 0.000000 0.043857 0.103794
0.633769 0.695365 -0.016536 -0.008925 0.027930 0.090076
0.628652 0.699090 -0.005118 0.003725 0.024531 0.082174
0.630382 0.692623 0.001731 -0.006467 0.025665 0.073309
