# REAL WEBCAM LIVE SEQUENCE CAPTURE
# active_hand=Right
# sequence_id=1791403826526
# hand_switches=0
# predicted_class=thank_you
# predicted_conf=0.9010
# effective_fps=3.05
0.000000 0.000000 0.000000 0.000000 0.000000 0.000000 0.503784 0.711746 0.000000 0.000000 0.246945 0.053386
0.000000 0.000000 0.000000 0.000000 0.000000 0.000000 0.534631 0.732469 0.030846 0.020723 0.277995 0.074034
0.000000 0.000000 0.000000 0.000000 0.000000 0.000000 0.535052 0.736722 0.000421 0.004253 0.278416 0.078287
0.000000 0.000000 0.000000 0.000000 0.000000 0.000000 0.557454 0.827592 0.022402 0.090870 0.316191 0.141152
0.000000 0.000000 0.000000 0.000000 0.000000 0.000000 0.560348 0.820204 0.002894 -0.007389 0.322931 0.136719
0.000000 0.000000 0.000000 0.000000 0.000000 0.000000 0.559268 0.819242 -0.001080 -0.000962 0.327818 0.135009
0.000000 0.000000 0.000000 0.000000 0.000000 0.000000 0.557358 0.819801 -0.001910 0.000559 0.325718 0.134718
0.000000 0.000000 0.000000 0.000000 0.000000 0.000000 0.547702 0.772834 -0.009655 -0.046967 0.314482 0.094362
0.000000 0.000000 0.000000 0.000000 0.000000 0.000000 0.544676 0.751330 -0.003026 -0.021503 0.305550 0.107989
0.000000 0.000000 0.000000 0.000000 0.000000 0.000000 0.540281 0.773463 -0.004395 0.022132 0.303460 0.129651
0.000000 0.000000 0.000000 0.000000 0.000000 0.000000 0.542733 0.774217 0.002451 0.000754 0.311530 0.128258
0.000000 0.000000 0.000000 0.000000 0.000000 0.000000 0.543851 0.776222 0.001118 0.002005 0.317943 0.122552
0.000000 0.000000 0.000000 0.000000 0.000000 0.000000 0.541739 0.785138 -0.002111 0.008916 0.325195 0.119060
0.000000 0.000000 0.000000 0.000000 0.000000 0.000000 0.530408 0.785301 -0.011332 0.000163 0.313864 0.119223
0.000000 0.000000 0.000000 0.000000 0.000000 0.000000 0.520804 0.794201 -0.009604 0.008900 0.321872 0.112323
0.000000 0.000000 0.000000 0.000000 0.000000 0.000000 0.518673 0.797446 -0.002130 0.003245 0.321582 0.112663
0.000000 0.000000 0.000000 0.000000 0.000000 0.000000 0.527662 0.791026 0.008988 -0.006420 0.327420 0.106713
0.000000 0.000000 0.000000 0.000000 0.000000 0.000000 0.523828 0.792307 -0.003833 0.001281 0.325889 0.104688
0.000000 0.000000 0.000000 0.000000 0.000000 0.000000 0.524613 0.783603 0.000785 -0.008703 0.329453 0.092456
